cali8b_after_180_150_1.ptu	 	 	cali8b_after_3.ptu	 	 	cali8b_after_2.ptu	 	 	cali8b_after_1.ptu	 	 	calib_12.3uW_7.ptu	 	 	calib_12.3uW_6.ptu	 	 	calib_12.3uW_5.ptu	 	 	calib_12.3uW_4.ptu	 	 	calib_12.3uW_3.ptu	 	 	calib_12.3uW_2.ptu	 	 	calib_12.3uW_1.ptu	 	 
Correlation time[ms]	G(t)[]	켇rr []	Correlation time[ms]	G(t)[]	켇rr []	Correlation time[ms]	G(t)[]	켇rr []	Correlation time[ms]	G(t)[]	켇rr []	Correlation time[ms]	G(t)[]	켇rr []	Correlation time[ms]	G(t)[]	켇rr []	Correlation time[ms]	G(t)[]	켇rr []	Correlation time[ms]	G(t)[]	켇rr []	Correlation time[ms]	G(t)[]	켇rr []	Correlation time[ms]	G(t)[]	켇rr []	Correlation time[ms]	G(t)[]	켇rr []
0.0002999976000192	6.23627718519977	0.0378449259585855	0.000299995200076799	6.33063467509267	0.0634424034301145	0.000299995200076799	6.16473189356261	0.0656545085473204	0.000299995200076799	6.71472434179852	0.0447604460769575	0.000299995200076799	7.89002014361589	0.083392506438126	0.0002999976000192	8.03361327747161	0.149428232242327	0.0002999976000192	8.10911711622724	0.103473419724254	0.0002999976000192	8.12286341482512	0.112484492239889	0.000299995200076799	8.0216476457687	0.0712933155877639	0.000299995200076799	8.13346194264236	0.0449550849678697	0.0002999976000192	9.71819313909387	0.105337250799319
0.0003999968000256	5.17606920738602	0.0564006785010379	0.000399993600102398	5.23146191210398	0.0411141021602611	0.000399993600102398	5.35212491805907	0.0316629666894875	0.000399993600102398	5.51452804584018	0.0579137375182289	0.000399993600102398	6.63594689735749	0.0454137024747045	0.0003999968000256	6.69450734977702	0.055372259402778	0.0003999968000256	6.66823100115418	0.0676309546787649	0.0003999968000256	6.64565826387372	0.0594913100441708	0.000399993600102398	6.64703000671163	0.0694010876252264	0.000399993600102398	6.80793354439756	0.0547260670155048	0.0003999968000256	8.29011619423086	0.139823153503567
0.000499996000032	4.81204206174625	0.0562211545815658	0.000499992000127998	4.84923120169383	0.0460808673993576	0.000499992000127998	4.83161727063635	0.0509385836461737	0.000499992000127998	5.00839117059274	0.0587636983857092	0.000499992000127998	5.82933988136781	0.0292972711239367	0.000499996000032	5.97766319164128	0.0646621232761136	0.000499996000032	6.10092094469155	0.0769083163582525	0.000499996000032	5.98073952652494	0.110000024502688	0.000499992000127998	6.20722213025664	0.0484949010057493	0.000499992000127998	6.16459566703093	0.0789206107420612	0.000499996000032	7.32252741344181	0.0881528957229522
0.0005999952000384	4.55236100144507	0.031125547825931	0.000599990400153598	4.45308860104402	0.0366975099518929	0.000599990400153598	4.36719387884349	0.0400565034178898	0.000599990400153598	4.61635193103614	0.0476980820361714	0.000599990400153598	5.61056072865327	0.0863310444730927	0.0005999952000384	5.58110985558201	0.0703972631067695	0.0005999952000384	5.6894160871676	0.0632648829266209	0.0005999952000384	5.65187333970657	0.037058070173293	0.000599990400153598	5.68911186242128	0.0648834137561548	0.000599990400153598	5.80228889012497	0.0900993426152732	0.0005999952000384	6.69332873233246	0.0846060059466658
0.0006999944000448	4.34652375130743	0.0203524745062766	0.000699988800179197	4.26704289921727	0.0431104445222103	0.000699988800179197	4.28720727491499	0.0545789966488193	0.000699988800179197	4.31689941776237	0.0555461364974454	0.000699988800179197	5.38212504969048	0.0781911308355723	0.0006999944000448	5.31278747252836	0.0204114821180009	0.0006999944000448	5.36571390737365	0.0476655438400542	0.0006999944000448	5.35109908695298	0.0394341325227465	0.000699988800179197	5.32501511240537	0.0649208626464384	0.000699988800179197	5.49840684846613	0.071144239575032	0.0006999944000448	6.25726893449912	0.0644050582038877
0.000849993200054399	4.08507901814567	0.0467522338271181	0.000849986400217597	4.04445372536495	0.0345601480232691	0.000849986400217597	3.97251579480702	0.0334085400374439	0.000849986400217597	4.13038151541591	0.0352242739634245	0.000849986400217597	4.98133088892664	0.0366154970515601	0.000849993200054399	4.9782646768513	0.0293876507295785	0.000849993200054399	5.12703333871624	0.0393517287526882	0.000849993200054399	5.11501045929399	0.0533135019006431	0.000849986400217597	4.99853925928518	0.0228719508882618	0.000849986400217597	5.12879890731294	0.0683417414838514	0.000849993200054399	6.06655350055668	0.0686140254329614
0.0010499916000672	3.88404400047297	0.0514659858060734	0.0010499832002688	3.85195954310778	0.0284790655600893	0.0010499832002688	3.92065542382259	0.027491744196516	0.0010499832002688	3.9509402227871	0.028322678375243	0.0010499832002688	4.74381197178819	0.0330677958311025	0.0010499916000672	4.85144590215309	0.0396701013811329	0.0010499916000672	4.82144516891812	0.0454124328784694	0.0010499916000672	4.87793129211708	0.0496059829262097	0.0010499832002688	4.84075582637489	0.0416603223089556	0.0010499832002688	4.87306002500313	0.0166334524369704	0.0010499916000672	5.70729655336179	0.0641850569179876
0.00124999000008	3.7616784997785	0.0413705356661366	0.00124998000031999	3.70621532593055	0.0353141488966237	0.00124998000031999	3.74938991505382	0.0446198851582955	0.00124998000031999	3.84820848593861	0.0202206325086847	0.00124998000031999	4.59054042187836	0.0331353915414336	0.00124999000008	4.61048651413044	0.0495246482486516	0.00124999000008	4.69890033981028	0.0268776013150544	0.00124999000008	4.68119362964428	0.04367862664144	0.00124998000031999	4.76548894861743	0.0509438241999395	0.00124998000031999	4.65594034408524	0.050395991885148	0.00124999000008	5.53002068851063	0.0463009122031206
0.0014499884000928	3.69252722836085	0.0567648313413773	0.00144997680037119	3.6883523655891	0.0336992578721407	0.00144997680037119	3.64300976758312	0.0387222954192442	0.00144997680037119	3.70978255934073	0.0238592593250732	0.00144997680037119	4.47976743312839	0.0579175389924893	0.0014499884000928	4.48849662996336	0.039384310262905	0.0014499884000928	4.58843156736565	0.0436864258570608	0.0014499884000928	4.51114582264628	0.0457864952292405	0.00144997680037119	4.64839192450584	0.0618873143547419	0.00144997680037119	4.65834667256348	0.0401285552629563	0.0014499884000928	5.38812076692794	0.0524795441731063
0.0016499868001056	3.63524758025112	0.0278888832278101	0.00164997360042239	3.66460633285488	0.0182972888232152	0.00164997360042239	3.57018186474494	0.0267255451632558	0.00164997360042239	3.63219416894245	0.0324442726258538	0.00164997360042239	4.28063762646491	0.0390224892578717	0.0016499868001056	4.48625007116476	0.0661293283329595	0.0016499868001056	4.52875143024654	0.0324732855654858	0.0016499868001056	4.52189305776506	0.0447003407372663	0.00164997360042239	4.54420797379318	0.0585245868578172	0.00164997360042239	4.47977838499161	0.0712872084386006	0.0016499868001056	5.29773106748864	0.0477088871886982
0.0019499844001248	3.52741680141142	0.0307365940088016	0.00194996880049919	3.52616579327013	0.0382258673450446	0.00194996880049919	3.47579883191254	0.0230120375858097	0.00194996880049919	3.63305191437276	0.0250680624795511	0.00194996880049919	4.34441233224859	0.021479808874041	0.0019499844001248	4.28874183502671	0.0280877742063454	0.0019499844001248	4.38371620786369	0.0283624507197482	0.0019499844001248	4.34372753179366	0.0300811711556507	0.00194996880049919	4.37051453760911	0.0186501744665298	0.00194996880049919	4.38205005253449	0.0246243779305691	0.0019499844001248	5.19514977814483	0.0416070908310367
0.0023499812001504	3.44273870448847	0.0214146376152597	0.00234996240060159	3.41510691387146	0.0120327431875689	0.00234996240060159	3.3766070763625	0.0298345099688773	0.00234996240060159	3.47766038992568	0.0390509247556592	0.00234996240060159	4.22470961299895	0.0303652925690284	0.0023499812001504	4.23606120118567	0.0245859118129542	0.0023499812001504	4.2954771364276	0.0272168746280561	0.0023499812001504	4.26359459039001	0.045675755335878	0.00234996240060159	4.29592590011788	0.0341038360749411	0.00234996240060159	4.28189232877582	0.0428592894011518	0.0023499812001504	5.04076865146113	0.0828306281450529
0.002749978000176	3.3741799285783	0.0225445429332742	0.00274995600070399	3.3258316328069	0.0355262257055704	0.00274995600070399	3.28131238815259	0.0199184887144921	0.00274995600070399	3.41359238267018	0.024508146858662	0.00274995600070399	4.1175278195597	0.0279341784621836	0.002749978000176	4.12965948064533	0.0265315340662696	0.002749978000176	4.28605264313818	0.0530130790614398	0.002749978000176	4.11592538259383	0.0367093335217263	0.00274995600070399	4.15312120341253	0.0193673150353129	0.00274995600070399	4.28625446360137	0.0310481393636926	0.002749978000176	4.96486803930446	0.0299780239918609
0.0031499748002016	3.27656265728746	0.0154316790868776	0.00314994960080639	3.25838041756102	0.026783907982748	0.00314994960080639	3.22209279307995	0.0218063777714351	0.00314994960080639	3.32022684567554	0.0378309705960646	0.00314994960080639	4.00580327106274	0.0279068759809491	0.0031499748002016	4.08619930301204	0.0324443957738251	0.0031499748002016	4.12250703102762	0.0241518350293273	0.0031499748002016	4.07203600717797	0.0309795690969309	0.00314994960080639	4.17013072544371	0.0197810520665289	0.00314994960080639	4.08299909689757	0.034707486266552	0.0031499748002016	4.8524039319784	0.0202317582332833
0.0035499716002272	3.23877855735529	0.0228622682823296	0.00354994320090879	3.21541490431396	0.0133562341535012	0.00354994320090879	3.19631288018454	0.0225471901129368	0.00354994320090879	3.28861019873086	0.0334251901095355	0.00354994320090879	4.00436058970678	0.0150353555497863	0.0035499716002272	3.9916169373803	0.0185925135117569	0.0035499716002272	4.0177790951582	0.0281784730465287	0.0035499716002272	4.06661179487531	0.024294710100663	0.00354994320090879	4.02756706164178	0.0367869142435948	0.00354994320090879	3.97803261444361	0.0394244144796206	0.0035499716002272	4.79106139319465	0.0702792939120429
0.0041499668002656	3.16011502969541	0.0223727819293729	0.00414993360106238	3.0941238821508	0.00643537225260763	0.00414993360106238	3.0997629952884	0.0138118341337777	0.00414993360106238	3.19067932908917	0.0134126598245284	0.00414993360106238	3.87363464834087	0.015652379758064	0.0041499668002656	3.86926477567468	0.0398701775361267	0.0041499668002656	3.920510633444	0.0121480048656296	0.0041499668002656	3.91759802252969	0.0243732446718691	0.00414993360106238	3.94338201287645	0.0168640738239638	0.00414993360106238	3.97549609266551	0.0289490436116554	0.0041499668002656	4.56365370384832	0.0137032545952197
0.0049499604003168	3.0722914707999	0.015500522602148	0.00494992080126718	3.0303318787404	0.0251603976700883	0.00494992080126718	3.00186233621791	0.0149533583021606	0.00494992080126718	3.14949547126942	0.0159073377936552	0.00494992080126718	3.75145293388496	0.0144911331726122	0.0049499604003168	3.71380394119017	0.0277258628066848	0.0049499604003168	3.83141974987311	0.0123564198370669	0.0049499604003168	3.72455075508747	0.0275840240509155	0.00494992080126718	3.78610177486099	0.0246358817701942	0.00494992080126718	3.8253953528961	0.0304050566760099	0.0049499604003168	4.48861057884963	0.0466061482166185
0.005749954000368	2.9743998270577	0.0178280692857374	0.00574990800147198	2.93317940013832	0.0208820381951367	0.00574990800147198	2.88509425891246	0.0210709008248978	0.00574990800147198	3.01341742608229	0.0275610038217251	0.00574990800147198	3.58057309294737	0.018058545981123	0.005749954000368	3.6469767952155	0.0255183844579804	0.005749954000368	3.70467942973448	0.0179795859555987	0.005749954000368	3.65419154302712	0.0274321375059336	0.00574990800147198	3.6956114059896	0.0285967121943047	0.00574990800147198	3.72377100396121	0.0262517965174688	0.005749954000368	4.26655872397579	0.0279251729685609
0.0065499476004192	2.88410578105919	0.0165871791063442	0.00654989520167677	2.8770162994311	0.0168249489093767	0.00654989520167677	2.84521708428723	0.0162739710436898	0.00654989520167677	2.9343218473458	0.017480288709485	0.00654989520167677	3.48591693483047	0.0205208856024712	0.0065499476004192	3.50884928603138	0.0169968514889322	0.0065499476004192	3.59907123172538	0.0132462416758374	0.0065499476004192	3.57020316044623	0.027200423930311	0.00654989520167677	3.59584051451809	0.0359546252174072	0.00654989520167677	3.58355578473419	0.0187058695029346	0.0065499476004192	4.27099537978835	0.0446852130717814
0.0073499412004704	2.79703259743282	0.0133944510498104	0.00734988240188157	2.76253960568167	0.00799239692637053	0.00734988240188157	2.79379802574993	0.0152439686485019	0.00734988240188157	2.83421188681449	0.0148548366607815	0.00734988240188157	3.47119395269025	0.00780229387082356	0.0073499412004704	3.42484005261025	0.00807646685403762	0.0073499412004704	3.4665828545372	0.025981000726181	0.0073499412004704	3.45646747130095	0.00868324969532532	0.00734988240188157	3.50295798645614	0.0143368571828561	0.00734988240188157	3.49427773756423	0.012086147772628	0.0073499412004704	4.03233422536344	0.0224445145682332
0.00854993160054719	2.70423300733562	0.00578670584777782	0.00854986320218877	2.65416533771551	0.014604959262188	0.00854986320218877	2.63708879598506	0.00751778567882213	0.00854986320218877	2.74993217043079	0.0173636498322779	0.00854986320218877	3.26799408773872	0.0217506861615538	0.00854993160054719	3.2914493834493	0.0200030681635153	0.00854993160054719	3.35340584339849	0.00949917616310316	0.00854993160054719	3.33349482489518	0.0146430831498056	0.00854986320218877	3.35441487732686	0.0116291938264285	0.00854986320218877	3.38300030749512	0.0193965725880383	0.00854993160054719	3.90272324846612	0.0317620438218961
0.0101499188006496	2.57770959536938	0.00768371451261047	0.0101498376025984	2.51206692739344	0.00591266987382334	0.0101498376025984	2.48722762380132	0.0144468524901464	0.0101498376025984	2.61294211247166	0.0128429867888527	0.0101498376025984	3.1142734171575	0.0137268458374645	0.0101499188006496	3.15529827326091	0.0141635061760732	0.0101499188006496	3.18160043443808	0.0112995374359201	0.0101499188006496	3.17419150528003	0.0149480753478546	0.0101498376025984	3.18696447827786	0.011338156379736	0.0101498376025984	3.19663150776124	0.0194954060033929	0.0101499188006496	3.73930838434252	0.0194220027379408
0.011749906000752	2.44846213576649	0.00738453883493655	0.011749812003008	2.38824853212997	0.00872769521259207	0.011749812003008	2.38290460551576	0.0111399188824489	0.011749812003008	2.48940202458512	0.00991942580324332	0.011749812003008	2.94303146462753	0.0164381522118459	0.011749906000752	2.98613486235342	0.0134529786961308	0.011749906000752	3.05743593714498	0.0189481839692188	0.011749906000752	2.99437888609529	0.0207692898418926	0.011749812003008	3.03004136087925	0.0111861380786637	0.011749812003008	3.03963146315706	0.0127774989382471	0.011749906000752	3.52800300627003	0.0225470970387416
0.0133498932008544	2.32440723459093	0.00899878431652561	0.0133497864034175	2.29289482056506	0.0100041814034705	0.0133497864034175	2.25762843638945	0.0141918334933326	0.0133497864034175	2.3776827902481	0.014945090087049	0.0133497864034175	2.8320509150094	0.0157856326760815	0.0133498932008544	2.83133199193943	0.00847759412094022	0.0133498932008544	2.90246751083604	0.0127001343687688	0.0133498932008544	2.84374950620962	0.0182038196183819	0.0133497864034175	2.86823648288816	0.0162189131716706	0.0133497864034175	2.91923475847627	0.00457406252273299	0.0133498932008544	3.38201534126625	0.0211959006864639
0.0149498804009568	2.22939261228976	0.00526791012621906	0.0149497608038271	2.20051092208152	0.00390624216657144	0.0149497608038271	2.1626556196929	0.00960778747990823	0.0149497608038271	2.26127699991762	0.013920417151619	0.0149497608038271	2.72725620686095	0.0131583713230097	0.0149498804009568	2.7036021772463	0.0139251477214659	0.0149498804009568	2.77963227166474	0.00678133430079171	0.0149498804009568	2.73109140943388	0.0157484741261333	0.0149497608038271	2.77103099278107	0.00729743939084786	0.0149497608038271	2.76334894420818	0.0231568172731202	0.0149498804009568	3.22899902295537	0.0103202635692453
0.0173498612011104	2.09521925302796	0.00839845258706267	0.0173497224044415	2.06644086883706	0.00503904801958343	0.0173497224044415	2.05819442244774	0.00651753784392391	0.0173497224044415	2.12562047694029	0.00707612265171734	0.0173497224044415	2.54434885116293	0.00672448035899939	0.0173498612011104	2.54424074433483	0.00883447354739878	0.0173498612011104	2.58311700562086	0.0168449340640863	0.0173498612011104	2.56798053896993	0.0156709096010803	0.0173497224044415	2.56975446669277	0.0114550320570493	0.0173497224044415	2.59626907226989	0.0127757526826547	0.0173498612011104	3.02882883204099	0.00995713379583458
0.0205498356013152	1.92305884375171	0.00501820248219755	0.0205496712052607	1.924446046041	0.00572897843485643	0.0205496712052607	1.87456978567566	0.00906583338812364	0.0205496712052607	1.95233859911094	0.00484539669322128	0.0205496712052607	2.33920938420251	0.0105959617842394	0.0205498356013152	2.35547907100815	0.00789478914460965	0.0205498356013152	2.39156870276242	0.00406144912418132	0.0205498356013152	2.35150565930679	0.0134307746214486	0.0205496712052607	2.39378713978557	0.00770833556148456	0.0205496712052607	2.42414042693204	0.0140682028323153	0.0205498356013152	2.81259987947489	0.0114939763373019
0.02374981000152	1.78017826585192	0.00539617317307607	0.0237496200060799	1.77729648360606	0.00678214275695835	0.0237496200060799	1.73755105723246	0.00812144906732469	0.0237496200060799	1.82549454069699	0.0124925531505584	0.0237496200060799	2.14583819991685	0.0106972793874704	0.02374981000152	2.18726777824975	0.0141276026557239	0.02374981000152	2.20141527741264	0.0103655513412398	0.02374981000152	2.20389571249014	0.0123781221152939	0.0237496200060799	2.21414055648894	0.00643100937585673	0.0237496200060799	2.22522470317922	0.0119801132591126	0.02374981000152	2.58809982659053	0.0107669622448406
0.0269497844017248	1.65628928490391	0.0112297845082451	0.0269495688068991	1.65230899627791	0.0114523083653069	0.0269495688068991	1.63255402404442	0.00846677652159783	0.0269495688068991	1.68600316478722	0.00933771272878081	0.0269495688068991	2.01570149114336	0.00736046477476444	0.0269497844017248	2.04367055061457	0.00807919707596647	0.0269497844017248	2.05879269621013	0.00629382204998789	0.0269497844017248	2.05051916908853	0.014481350255871	0.0269495688068991	2.07380310774699	0.0123136868753074	0.0269495688068991	2.07885554648869	0.00937338901361338	0.0269497844017248	2.42175952058705	0.0185908417862185
0.0301497588019296	1.55213071851026	0.00685330725243161	0.0301495176077183	1.55733004918253	0.00736951510091628	0.0301495176077183	1.52287594135691	0.00442123563250967	0.0301495176077183	1.57734078738453	0.00740908851036388	0.0301495176077183	1.89348517312667	0.00829224533100212	0.0301497588019296	1.90773917644576	0.00661474339008708	0.0301497588019296	1.92015034172779	0.0111166350479504	0.0301497588019296	1.92446312025741	0.0139789144313331	0.0301495176077183	1.93739329640249	0.0116582060841874	0.0301495176077183	1.96424221232729	0.0175342955798305	0.0301497588019296	2.27670993000572	0.0146616955835803
0.0349497204022368	1.41447467431175	0.00508734000940104	0.0349494408089471	1.40942396570375	0.00577701263160342	0.0349494408089471	1.39251116806874	0.00867760612586814	0.0349494408089471	1.45185713274165	0.00597883760672157	0.0349494408089471	1.73805173160265	0.00707960896328639	0.0349497204022368	1.72735676293618	0.012708526744326	0.0349497204022368	1.75959132866678	0.0079909544490055	0.0349497204022368	1.75955846451002	0.00946199092075535	0.0349494408089471	1.77199352113646	0.0091779236758944	0.0349494408089471	1.76529777166103	0.00559222225042129	0.0349497204022368	2.06947721354092	0.00825137046272241
0.0413496692026464	1.25860071566024	0.0105222179960716	0.0413493384105854	1.26888478717389	0.00603524521040185	0.0413493384105854	1.25204317442259	0.0062426655658153	0.0413493384105854	1.30393644185818	0.0056097340930899	0.0413493384105854	1.54876553113034	0.00610562585487815	0.0413496692026464	1.56131469914885	0.00715025428122227	0.0413496692026464	1.57018534300892	0.00784494291966425	0.0413496692026464	1.5745094007122	0.00852261705633919	0.0413493384105854	1.56782784027561	0.00798612050662772	0.0413493384105854	1.58311300583002	0.00816225511186875	0.0413496692026464	1.85931712995698	0.00726555844444447
0.047749618003056	1.14169837660576	0.00439334172174582	0.0477492360122238	1.13237616906127	0.00833068151152731	0.0477492360122238	1.12560886166454	0.00456348979664901	0.0477492360122238	1.18062082808215	0.00695693343934902	0.0477492360122238	1.39031707451708	0.00854771674967516	0.047749618003056	1.40757370052814	0.00770749599005911	0.047749618003056	1.41743102237791	0.00842278868555044	0.047749618003056	1.42001315903427	0.00269293908264217	0.0477492360122238	1.42546718697336	0.00886089961213707	0.0477492360122238	1.42862053117321	0.0083333116946552	0.047749618003056	1.66354985395	0.00974630074008471
0.0541495668034656	1.03248594746896	0.00770430581895557	0.0541491336138622	1.0379118236114	0.00697265352982962	0.0541491336138622	1.02567910909832	0.00505424302727463	0.0541491336138622	1.07881287657029	0.00461043657095877	0.0541491336138622	1.26015832885023	0.00910495295358031	0.0541495668034656	1.29051214231465	0.00505646864944588	0.0541495668034656	1.3045020511739	0.00531125751650639	0.0541495668034656	1.2949799001238	0.00534953218631205	0.0541491336138622	1.29743760097564	0.00440837527959422	0.0541491336138622	1.29431324967247	0.00777662928242815	0.0541495668034656	1.54191682929173	0.0035143243890481
0.0605495156038752	0.961030634130133	0.00787603056659734	0.0605490312155005	0.966605116664454	0.00764124831391248	0.0605490312155005	0.954179541374621	0.00541630611886414	0.0605490312155005	0.980684333207127	0.00873973409575747	0.0605490312155005	1.15363808727127	0.00654849938571039	0.0605495156038752	1.18256054022985	0.0101197270849454	0.0605495156038752	1.1929598436535	0.00672200566126235	0.0605495156038752	1.18922204057292	0.00976640973592427	0.0605490312155005	1.18285329043249	0.00680152502868962	0.0605490312155005	1.18193123923336	0.00830497482442645	0.0605495156038752	1.40747629692051	0.00422458883926426
0.0701494388044896	0.845323643652279	0.00569010833880788	0.0701488776179581	0.85272210662526	0.00323235820082118	0.0701488776179581	0.839535430597582	0.00565821865563561	0.0701488776179581	0.878576766483793	0.00428378270103047	0.0701488776179581	1.02695728298084	0.00626259362035909	0.0701494388044896	1.04370362187407	0.00600265190973702	0.0701494388044896	1.05062548740524	0.00370734270395872	0.0701494388044896	1.06418798537614	0.00823389672533132	0.0701488776179581	1.06947892647743	0.0101775098393963	0.0701488776179581	1.05647540754169	0.00586921639550729	0.0701494388044896	1.24992661465991	0.0064561382119289
0.0829493364053088	0.731564209265512	0.00264205807468166	0.0829486728212349	0.74359060016049	0.0030437054911486	0.0829486728212349	0.736896306831349	0.00559517982364471	0.0829486728212349	0.760133343744535	0.00214563883600043	0.0829486728212349	0.899982938622468	0.00758935162422079	0.0829493364053088	0.907265213148326	0.00435979798311701	0.0829493364053088	0.921191626409567	0.00212981954730604	0.0829493364053088	0.921485523352562	0.00698468249289162	0.0829486728212349	0.932646545805	0.0101817267695935	0.0829486728212349	0.923516693933236	0.00729680230210838	0.0829493364053088	1.08306166735903	0.00614533172603746
0.0957492340061279	0.646942351164665	0.0060389875511648	0.0957484680245116	0.651616773172374	0.00620327040080464	0.0957484680245116	0.650272736043405	0.00587673245306044	0.0957484680245116	0.674627071983658	0.00432005290872916	0.0957484680245116	0.789977353998254	0.00717244454132644	0.0957492340061279	0.809420983545995	0.0048636073720193	0.0957492340061279	0.804638780627165	0.00480490553797912	0.0957492340061279	0.813288161024961	0.00511874054153147	0.0957484680245116	0.824380999762334	0.00913727745781916	0.0957484680245116	0.819910235663328	0.00742990482025232	0.0957492340061279	0.953916858560993	0.00436518407669612
0.108549131606947	0.584985149420798	0.00489918628427425	0.108548263227788	0.586000096709845	0.00571078488887119	0.108548263227788	0.584653779022918	0.00308505562223403	0.108548263227788	0.600815628185613	0.00397828856688412	0.108548263227788	0.695668829018501	0.00767234198649971	0.108549131606947	0.718448454713999	0.00533936863704652	0.108549131606947	0.724848135134547	0.00809503035007894	0.108549131606947	0.733928692846999	0.00612278040805331	0.108548263227788	0.726274792016391	0.00488560996897612	0.108548263227788	0.720713700306038	0.0093331902158299	0.108549131606947	0.855311487109815	0.0068036982141012
0.121349029207766	0.519622749458905	0.00366620158709496	0.121348058431065	0.525933125878901	0.00514329798773646	0.121348058431065	0.524523045047342	0.00193377506477562	0.121348058431065	0.543178699654831	0.00452952082388536	0.121348058431065	0.637309438361457	0.00856114899458094	0.121349029207766	0.642523927310991	0.00275298260132351	0.121349029207766	0.653812828542447	0.00478926798484859	0.121349029207766	0.660491949232815	0.010982406406551	0.121348058431065	0.65196638528134	0.008800173432391	0.121348058431065	0.651856760167039	0.00585831599038038	0.121349029207766	0.770580266452047	0.00674215245931761
0.140548875608995	0.452010734868028	0.00313608891228417	0.14054775123598	0.455043706813253	0.00394282102678201	0.14054775123598	0.451250225476537	0.00294229706030709	0.14054775123598	0.472660675279786	0.00314239269117017	0.14054775123598	0.555041503851277	0.00642232460355324	0.140548875608995	0.565024145606182	0.00298144430967113	0.140548875608995	0.566001468504713	0.0051970051695706	0.140548875608995	0.576099783526772	0.00654784769123476	0.14054775123598	0.557553621585488	0.00355101642012444	0.14054775123598	0.563599672317255	0.00678850226447406	0.140548875608995	0.668212082197884	0.00774645803513302
0.166148670810634	0.389040709127845	0.00229992563522718	0.166147341642534	0.387611422084189	0.00253079344331884	0.166147341642534	0.377954345657134	0.00413268169234455	0.166147341642534	0.392244507926953	0.00204761332150779	0.166147341642534	0.476978001404772	0.00678292395597894	0.166148670810634	0.474471099144119	0.00341021170837805	0.166148670810634	0.476302027758282	0.00511609271363082	0.166148670810634	0.483542492769236	0.00338460911804644	0.166147341642534	0.481660121982138	0.0031136408898353	0.166147341642534	0.485749844712027	0.00494608804048981	0.166148670810634	0.573062906388026	0.00554458063636738
0.191748466012272	0.340073547782473	0.0024885236178305	0.191746932049087	0.333607974161649	0.00412248320925647	0.191746932049087	0.32901365101785	0.00368549526052121	0.191746932049087	0.34122578389003	0.00372491603407701	0.191746932049087	0.420815373274378	0.00659436653130862	0.191748466012272	0.406522049414681	0.00375900607350994	0.191748466012272	0.407084760078797	0.00420474542690673	0.191748466012272	0.417432605127633	0.00825688798611215	0.191746932049087	0.415588257726179	0.0039862419720281	0.191746932049087	0.42714648644767	0.00425792028152304	0.191748466012272	0.49050817791494	0.00336958366645724
0.21734826121391	0.29667257735783	0.00210503831081651	0.217346522455641	0.295011751631027	0.00445853532617344	0.217346522455641	0.287628600366988	0.00486329502259725	0.217346522455641	0.300622910746371	0.00281255420233098	0.217346522455641	0.359754783569509	0.00639128612842673	0.21734826121391	0.352298733284808	0.00275990523532459	0.21734826121391	0.359256714547279	0.00415236045839234	0.21734826121391	0.368748034469726	0.00642802682185597	0.217346522455641	0.359794179127131	0.0039034927749285	0.217346522455641	0.374538368370977	0.00325396231293601	0.21734826121391	0.429727468372494	0.00354919489743701
0.242948056415549	0.260171219664673	0.0022657780885014	0.242946112862194	0.260428572647132	0.00358145222485323	0.242946112862194	0.256994134304858	0.00237773558775951	0.242946112862194	0.262623026260609	0.00518791457901652	0.242946112862194	0.319396162330891	0.00678102948755903	0.242948056415549	0.314543867582705	0.00200277799620358	0.242948056415549	0.321251596114173	0.00408317353158403	0.242948056415549	0.323684203225537	0.00309556263104217	0.242946112862194	0.314467464157965	0.00385728836807083	0.242946112862194	0.325678638005226	0.00228826183506704	0.242948056415549	0.380104058069863	0.00897778676312115
0.281347749218006	0.221624015624596	0.00279404707544398	0.281345498472024	0.217291945598042	0.0031368424927464	0.281345498472024	0.212853372633829	0.00241241398333841	0.281345498472024	0.225678602484238	0.00245648199306408	0.281345498472024	0.26947439991395	0.00560287367522388	0.281347749218006	0.26976570395418	0.00297687800398231	0.281347749218006	0.275433026360058	0.00549951677971248	0.281347749218006	0.282473392053617	0.00550901735115597	0.281345498472024	0.274661987238134	0.0046280370293084	0.281345498472024	0.278605566495676	0.0017986974335389	0.281347749218006	0.329451595483719	0.00515393724583672
0.332547339621283	0.188097860874333	0.00272171336993275	0.332544679285131	0.17969657502461	0.00213423426967036	0.332544679285131	0.175716370676827	0.00238420723411071	0.332544679285131	0.187873042727877	0.00306892202397977	0.332544679285131	0.227399289384571	0.00351497535214975	0.332547339621283	0.22583763324915	0.00122965004113705	0.332547339621283	0.231042892150232	0.0049817969687078	0.332547339621283	0.237682035520818	0.00294696025371627	0.332544679285131	0.234964521302875	0.00163741983208523	0.332544679285131	0.23149917494023	0.00386001398953425	0.332547339621283	0.269007558091231	0.00494197845866119
0.38374693002456	0.16088621294785	0.00334765160907926	0.383743860098238	0.147415596047106	0.00247639758295599	0.383743860098238	0.152408571496665	0.00169976677521244	0.383743860098238	0.157975853720798	0.00168715584219808	0.383743860098238	0.196064347719649	0.00311460041399527	0.38374693002456	0.195237168713895	0.00211302652350093	0.38374693002456	0.201211310135791	0.00322778332452868	0.38374693002456	0.195193102629032	0.00260886632802044	0.383743860098238	0.198842420104402	0.00419756541934194	0.383743860098238	0.200470139276212	0.0042721494002373	0.38374693002456	0.227875747125684	0.00397489305320969
0.434946520427837	0.138342301994107	0.00474045155620424	0.434943040911345	0.133013830521803	0.00225722583626961	0.434943040911345	0.126685928177697	0.00239717310327164	0.434943040911345	0.135397190698291	0.00255343382262502	0.434943040911345	0.162009142547456	0.00283506995413671	0.434946520427837	0.164792398878497	0.00398745802239172	0.434946520427837	0.173607518003235	0.00141626200141069	0.434946520427837	0.171457527363935	0.00291770558881768	0.434943040911345	0.176439669389637	0.00281231222565268	0.434943040911345	0.16799814669714	0.00359927621075966	0.434946520427837	0.197379732544925	0.00389699897557221
0.486146110831113	0.121214699319005	0.00293735948417422	0.486142221724452	0.116317187602849	0.00384942622377126	0.486142221724452	0.112498639003463	0.00154825643271233	0.486142221724452	0.121550674354704	0.00363025800674755	0.486142221724452	0.141949926467163	0.00314041936975786	0.486146110831113	0.144382899620111	0.00371978734742269	0.486146110831113	0.149093178808039	0.00242424787731131	0.486146110831113	0.152848552318088	0.00295538877712095	0.486142221724452	0.15692112986501	0.003262635251415	0.486142221724452	0.144041144061925	0.00370060246968367	0.486146110831113	0.169780153953333	0.00169963037831757
0.562945496436029	0.104554107982431	0.00234299664252384	0.562940992944113	0.0993899758541353	0.00199539085982825	0.562940992944113	0.0973946510697994	0.00196497609242687	0.562940992944113	0.103277890432332	0.0026972066463433	0.562940992944113	0.122441189684812	0.00301764399886623	0.562945496436029	0.12483836633921	0.00340051800526002	0.562945496436029	0.122104630871063	0.00282272009392833	0.562945496436029	0.130456744300138	0.00348622129198336	0.562940992944113	0.126309885127935	0.00452860504282084	0.562940992944113	0.125574650179008	0.00500412664985167	0.562945496436029	0.150547862149609	0.00379779821475272
0.665344677242582	0.0837958970114271	0.00280569020525553	0.665339354570327	0.0812519078130501	0.00161243769760964	0.665339354570327	0.0767895945549324	0.00348921284499188	0.665339354570327	0.0855204585737605	0.00293966753711212	0.665339354570327	0.100475819347982	0.0035303433325888	0.665344677242582	0.0994743243185859	0.00238025870955893	0.665344677242582	0.0964973808150888	0.00304373598921617	0.665344677242582	0.111649566946984	0.00394173014737056	0.665339354570327	0.101159056616569	0.00333358960568091	0.665339354570327	0.102778158790283	0.00232267572644364	0.665344677242582	0.121093295325178	0.00262509923854271
0.767743858049136	0.0690728716196034	0.00233789382297307	0.767737716196541	0.0669610001745174	0.0019545298876074	0.767737716196541	0.0648415992860069	0.0032760819268789	0.767737716196541	0.0716517567759332	0.00236248375354914	0.767737716196541	0.083225093381125	0.00328461798542079	0.767743858049136	0.0805234604617444	0.00366569399312139	0.767743858049136	0.0843815035983012	0.00207322093052231	0.767743858049136	0.0903836642046827	0.00248141031937177	0.767737716196541	0.0830477740726466	0.0032335397819728	0.767737716196541	0.0879140429429318	0.00357554571576972	0.767743858049136	0.10239797672723	0.00205781574957231
0.870143038855689	0.0542498998995343	0.00196079116364014	0.870136077822755	0.056104502368605	0.00170107115834447	0.870136077822755	0.0529397006354235	0.00203758497175386	0.870136077822755	0.0591154678588766	0.00369972995490991	0.870136077822755	0.0722371994063108	0.00196418429077496	0.870143038855689	0.0733554114329198	0.00299606070696645	0.870143038855689	0.0713166671956869	0.00434449313415426	0.870143038855689	0.073410047048987	0.00282722926006295	0.870136077822755	0.0734757230034217	0.00289643892487926	0.870136077822755	0.0684260001294724	0.00173709084314486	0.870143038855689	0.0862916848420291	0.00307251418299884
0.972542219662243	0.0482479749308571	0.00231457668911729	0.972534439448969	0.0473010621220508	0.00166690452385338	0.972534439448969	0.0486961257053631	0.00373666293328294	0.972534439448969	0.0505823585752934	0.00371213072067279	0.972534439448969	0.0602559709712837	0.00289847809162032	0.972542219662243	0.0690346751896669	0.00399618601071541	0.972542219662243	0.0648411474465519	0.00443525607161347	0.972542219662243	0.0636420385115133	0.00150914834590248	0.972534439448969	0.0640964190706914	0.00271450202647679	0.972534439448969	0.055850122337225	0.00298659932586951	0.972542219662243	0.0708773965663492	0.00419435422278925
1.12614099087207	0.0407976692185015	0.00141934152099244	1.12613198188829	0.0420162364208694	0.00108509428919445	1.12613198188829	0.0410376389640264	0.00309764031546379	1.12613198188829	0.0409822275716969	0.0033479041548036	1.12613198188829	0.0535521310636312	0.00217216258280915	1.12614099087207	0.0564260238276573	0.00210575379391761	1.12614099087207	0.053527231475105	0.00332946119275012	1.12614099087207	0.0560989567800573	0.00200545715040227	1.12613198188829	0.0536567528642917	0.0031433308608906	1.12613198188829	0.0496724264037783	0.00234714548942338	1.12614099087207	0.0559319056550392	0.00343239458917764
1.33093935248518	0.0315579545319472	0.00117002401194423	1.33092870514072	0.0338900217574372	0.00172518638475219	1.33092870514072	0.0322585106490155	0.00261229649881472	1.33092870514072	0.0335065117965331	0.00203358280998854	1.33092870514072	0.0448985205634834	0.00358125031969259	1.33093935248518	0.0431096480149662	0.00169380726130879	1.33093935248518	0.0455454823203522	0.00218218274386231	1.33093935248518	0.0432731967245288	0.0026388894133919	1.33092870514072	0.0487126939511997	0.00326783712144539	1.33092870514072	0.041796457601166	0.00333970262640592	1.33093935248518	0.0492350816410028	0.00332241482874472
1.53573771409829	0.0286866959728213	0.00121913208688751	1.53572542839315	0.027513561692365	0.00179196390877872	1.53572542839315	0.0270741448429233	0.00266519751131006	1.53572542839315	0.023611270331558	0.00223001738878525	1.53572542839315	0.0329355272863877	0.00384799903967194	1.53573771409829	0.0335294706674287	0.00280714637809169	1.53573771409829	0.0419569631339237	0.00222736735883865	1.53573771409829	0.0383621345792888	0.00173758110437212	1.53572542839315	0.0383032707928208	0.00102845293252815	1.53572542839315	0.0325299300587256	0.0044013204899793	1.53573771409829	0.0405560657010344	0.00101686084774335
1.74053607571139	0.0230602036034422	0.00158385051909497	1.74052215164557	0.0216975260966761	0.00161935199142037	1.74052215164557	0.0212724176995712	0.00260738060454583	1.74052215164557	0.0166419461576818	0.00361694977777777	1.74052215164557	0.0253839656186004	0.00213737375145637	1.74053607571139	0.0261853267244638	0.00211767976021789	1.74053607571139	0.0298441234901039	0.00268645897230611	1.74053607571139	0.0337017036776057	0.00159129600730438	1.74052215164557	0.0326708786689108	0.00172828794491223	1.74052215164557	0.027697974796513	0.0027516656587695	1.74053607571139	0.0375052258409548	0.00382679393560153
1.9453344373245	0.0207933222046349	0.00162108980539142	1.945318874898	0.0175657469777056	0.00139116325157978	1.945318874898	0.0169361291682293	0.00254454664703882	1.945318874898	0.0142636917304818	0.00368854120955506	1.945318874898	0.0228901385062487	0.00195107298859831	1.9453344373245	0.0226895823056069	0.00222449735067046	1.9453344373245	0.0274904810165338	0.00465223048688794	1.9453344373245	0.0263568449010162	0.00361714987908531	1.945318874898	0.0280671939840832	0.00241183151224867	1.945318874898	0.0236402629454449	0.00264847383530883	1.9453344373245	0.0313113335451572	0.00201715776221973
2.25253197974416	0.0187544117435638	0.00101664222545103	2.25251395977664	0.0166694765760362	0.00115161518574839	2.25251395977664	0.0158607653788897	0.00149408001894327	2.25251395977664	0.0167272055157731	0.00142672306551031	2.25251395977664	0.0213123782144194	0.00223852153310679	2.25253197974416	0.0203618665570322	0.00180281763313819	2.25253197974416	0.0215464798240397	0.00190360459089547	2.25253197974416	0.0223755409652357	0.00222064057774403	2.25251395977664	0.0233341188030601	0.00234408435069043	2.25251395977664	0.0173064042367919	0.00171032563642176	2.25253197974416	0.0262070862138462	0.0030340376615397
2.66212870297038	0.0163086981319869	0.00224286134404834	2.6621074062815	0.0143436621610664	0.00110352463587973	2.6621074062815	0.0128162299962954	0.00157494640560119	2.6621074062815	0.0123570643354222	0.00165715100127671	2.6621074062815	0.0164915236210361	0.00256273656213913	2.66212870297038	0.0170187697933876	0.0011075025413757	2.66212870297038	0.0160229899880857	0.00297384444736696	2.66212870297038	0.0167277396940789	0.00333182226182311	2.6621074062815	0.0169197976831445	0.00406283810569879	2.6621074062815	0.0144616556450698	0.00224681498663127	2.66212870297038	0.0197611531564059	0.00213517947611857
3.07172542619659	0.0126211360180029	0.00167156210422363	3.07170085278636	0.011858033710813	0.00188642147656686	3.07170085278636	0.0117728192807326	0.00153285458783686	3.07170085278636	0.0118796172617755	0.00149082536001267	3.07170085278636	0.0141204447908604	0.00225201398039588	3.07172542619659	0.0132002105648689	0.00170452815048816	3.07172542619659	0.0158627055795243	0.00276599768523145	3.07172542619659	0.0143354435979085	0.00267650074618146	3.07170085278636	0.0101468985184373	0.00182317845873664	3.07170085278636	0.0134088614547952	0.000854450061742844	3.07172542619659	0.0176848434763019	0.0025164619040365
3.48132214942281	0.0114682539715904	0.00216530621306265	3.48129429929121	0.0116236008355393	0.00123683571599921	3.48129429929121	0.00679444366967819	0.00086442915213119	3.48129429929121	0.00902104407256924	0.00106823422339957	3.48129429929121	0.0114313825750335	0.000884001626481458	3.48132214942281	0.0118299807492226	0.00108826365294734	3.48132214942281	0.00899948554973472	0.00171827397826208	3.48132214942281	0.0135996931859522	0.00301405645151355	3.48129429929121	0.0140148471864242	0.00244238106707971	3.48129429929121	0.00853105499821771	0.00146378229268173	3.48132214942281	0.0178450095281208	0.0018222686084077
3.89091887264902	0.00602632466196073	0.00137378955782226	3.89088774579607	0.0101716588878991	0.0019468341563957	3.89088774579607	0.00439047160824356	0.00184368465209487	3.89088774579607	0.0120480607629299	0.00215846389975701	3.89088774579607	0.00807372688300147	0.00158859550782577	3.89091887264902	0.00996555132192932	0.000972342623375129	3.89091887264902	0.00848325742413715	0.00236921014824647	3.89091887264902	0.00731754010421612	0.00247671371259759	3.89088774579607	0.0138951248355742	0.00136094127549329	3.89088774579607	0.00358709539614234	0.00163884950357795	3.89091887264902	0.015785873445752	0.00176770732471399
4.50531395748834	0.00784316954757585	0.000924004794100355	4.50527791555335	0.00803163264255274	0.00204492529566031	4.50527791555335	0.00536948036360269	0.00203224623602271	4.50527791555335	0.00631352686565208	0.00139461807881801	4.50527791555335	0.00665426998701253	0.00241419773363618	4.50531395748834	0.00696105895626756	0.00181800024524511	4.50531395748834	0.00503357505792906	0.00148181640806883	4.50531395748834	0.0141408977252038	0.00154274142233597	4.50527791555335	0.0107059176224684	0.00305254674954939	4.50527791555335	0.00636585698487318	0.00122666617206538	4.50531395748834	0.00886020936018051	0.00172561366680412
5.32450740394077	0.00746658137580645	0.00166905640500253	5.32446480856306	0.00415054890323474	0.00147818957373507	5.32446480856306	0.00565772305670491	0.00121818229638411	5.32446480856306	0.00579419948597109	0.000593117593163733	5.32446480856306	0.00649386870988693	0.00191969259824632	5.32450740394077	0.00413717619724697	0.00311947540279157	5.32450740394077	0.00479722863915396	0.0021337233258155	5.32450740394077	0.0073568052101237	0.00123024032368625	5.32446480856306	0.00643172556523056	0.00153101454433093	5.32446480856306	0.00648915531560154	0.00236449745055687	5.32450740394077	0.00864621393841912	0.00292353447487535
6.1437008503932	0.00604513232069073	0.00101317640004203	6.14365170157277	0.00689289309003401	0.00110370002616328	6.14365170157277	0.00258422443017739	0.000885023607994814	6.14365170157277	0.00115692979588948	0.0011479044547956	6.14365170157277	0.00572488174234853	0.00178476585614046	6.1437008503932	0.00260962717528908	0.00235377682291163	6.1437008503932	0.00513295762011108	0.000896231288519397	6.1437008503932	0.00510995473329503	0.00198363745246283	6.14365170157277	0.00415368302836146	0.00246792687450246	6.14365170157277	0.00264796448466789	0.00179427921400904	6.1437008503932	0.00915171196648687	0.00228700345027959
6.96289429684562	0.00665226513059476	0.00154924479669025	6.96283859458249	0.00309290405807682	0.001327701930038	6.96283859458249	0.00644028252730648	0.00123652017594091	6.96283859458249	0.000295433797834385	0.00147036876276965	6.96283859458249	0.00133213469866686	0.000828360620154217	6.96289429684562	-0.000114506247804204	0.0028462916515319	6.96289429684562	0.00099514426528228	0.00114728906356156	6.96289429684562	0.00191242806235825	0.00152172631308482	6.96283859458249	0.00622735446041457	0.00242663487955355	6.96283859458249	-3.21820376260257E-5	0.0013571689214065	6.96289429684562	0.00478577091617097	0.00156157037003894
7.78208774329805	0.00335304497473255	0.0022185982874419	7.7820254875922	0.00252844126408416	0.00159978680230899	7.7820254875922	0.0036077980464083	0.00153468583506844	7.7820254875922	0.000279436463042679	0.00168232180713586	7.7820254875922	0.00118280626213063	0.000830370302164625	7.78208774329805	0.00263660754970814	0.00261939794330067	7.78208774329805	0.00156392898764675	0.00138124568413059	7.78208774329805	0.00524276615234813	0.00290314034220662	7.7820254875922	0.00368027182231979	0.00269004360303744	7.7820254875922	0.00140125402497646	0.0019761031796918	7.78208774329805	0.00990583999044691	0.00100234389308608
9.0108779129767	0.00266263826567861	0.000947981730230703	9.01080582710676	0.00233628680135487	0.00111173740969054	9.01080582710676	0.00331118857029665	0.00133847115399516	9.01080582710676	0.00181424669338553	0.00188337451229287	9.01080582710676	0.000387726075876739	0.00109711480716137	9.0108779129767	0.00275559126513843	0.00181317088297464	9.0108779129767	0.00196848357981803	0.000705409790075649	9.0108779129767	0.00467572772715697	0.00227171130777216	9.01080582710676	0.00347268759561631	0.00181196699232956	9.01080582710676	0.00384243172635038	0.00066160034275339	9.0108779129767	0.00687935223707914	0.0012346146961656
10.6492648058816	0.000833487350884939	0.00109395054779182	10.6491796131262	0.00220181246496586	0.000864725248689475	10.6491796131262	0.00253577161451872	0.000967889838292054	10.6491796131262	-7.43119430239933E-5	0.00164442790442098	10.6491796131262	0.00109329195628472	0.00112473193554175	10.6492648058816	0.00244009558087105	0.00183139343641756	10.6492648058816	0.00153267400346348	0.00262816620589586	10.6492648058816	0.00150595263963444	0.00192259942755375	10.6491796131262	-0.0011681597423248	0.00239926778384962	10.6491796131262	0.00277688230872822	0.00123333617090738	10.6492648058816	0.00687533518420885	0.00132024585895998
12.2876516987864	0.00237716125989574	0.000638073012774906	12.2875533991456	0.00071868296085313	0.000958653764668794	12.2875533991456	0.000763448645488394	0.000813825641329096	12.2875533991456	0.00145718778095801	0.000891104899833682	12.2875533991456	0.00265512884047223	0.00142113316168348	12.2876516987864	0.00263855161282117	0.0013850834216343	12.2876516987864	0.00383914061832598	0.00145123944099122	12.2876516987864	0.00387384515018514	0.00177319888689972	12.2875533991456	0.00497978483742104	0.00163838195738611	12.2875533991456	0.00184242955310647	0.001210018692749	12.2876516987864	0.000990187580634404	0.00182109395598654
13.9260385916913	0.00127183747910647	0.00191320906988467	13.925927185165	0.00298551008659141	0.000461895129783164	13.925927185165	0.00206175374287151	0.000471647845283257	13.925927185165	0.00171306163909668	0.000588974183023603	13.925927185165	0.000204320384416078	0.00151959896775618	13.9260385916913	0.00328463015971475	0.00102586144210707	13.9260385916913	0.00644879239540624	0.00208723103899104	13.9260385916913	0.00349722666618333	0.00202106993847496	13.925927185165	0.00115831249627794	0.00169364470974314	13.925927185165	0.00329798636198852	0.00131167666026926	13.9260385916913	-0.00102911510381018	0.000981041505700984
15.5644254845961	0.00113734221990535	0.00103187789998066	15.5643009711845	0.000559978110007538	0.00112967397190142	15.5643009711845	0.00117821859472835	0.00148711224072724	15.5643009711845	0.000101674434201193	0.00148135282937223	15.5643009711845	0.00227784987724086	0.00101087350350319	15.5644254845961	0.00209049088786604	0.00133016600250542	15.5644254845961	0.00220418542264589	0.00109784874324738	15.5644254845961	0.00308566403176009	0.00197649866555956	15.5643009711845	0.000504203831872745	0.0014277906977416	15.5643009711845	0.00277733343224161	0.00177363320385829	15.5644254845961	-0.000640106977665078	0.00198617604668876
18.0220058239534	0.000906143691186009	0.00176081124139167	18.0218616502136	0.000473106090186586	0.000968889527328298	18.0218616502136	0.000821406735291724	0.000937339686866034	18.0218616502136	0.00159629857744592	0.000752045689120121	18.0218616502136	-0.000832739273134666	0.00114522910595123	18.0220058239534	0.00053650845882149	0.00124508345179829	18.0220058239534	0.00288252380344296	0.002020170845284	18.0220058239534	0.00118312156570114	0.0012995941720196	18.0218616502136	0.00268017523844399	0.00142163904378834	18.0218616502136	0.000904166882398815	0.00109646025083505	18.0220058239534	0.00443490212358223	0.00100064950747498
21.2987796097631	-0.00110677709048829	0.00157132159840384	21.2986092222524	0.00170284733800629	0.000772319903632597	21.2986092222524	0.000488892832618187	0.000483152251509703	21.2986092222524	0.00285870206083903	0.00101481006839781	21.2986092222524	-0.00168220303407072	0.000911256604129556	21.2987796097631	-0.000322672661050349	0.00156366200622651	21.2987796097631	-0.000182580962612101	0.00121677145188699	21.2987796097631	-0.000342671617560744	0.0011825277068024	21.2986092222524	0.000530378070048639	0.00141595461458704	21.2986092222524	0.00284689450771007	0.000500704798730352	21.2987796097631	2.28138571037703E-5	0.00224933270296284
24.5755533955728	0.000444976264749744	0.000970463540489202	24.5753567942913	0.00190185566931922	0.000755145757265057	24.5753567942913	0.000785379209502452	0.00114176301769946	24.5753567942913	0.00161192263201093	0.00105760744304773	24.5753567942913	0.00169854335881195	0.00108597431536095	24.5755533955728	0.000728752593222905	0.000558431717418742	24.5755533955728	-0.000151596441356079	0.00117664996575717	24.5755533955728	0.00190319215080475	0.000535262216183853	24.5753567942913	0.0032080742194768	0.00168487767193262	24.5753567942913	-0.00144958530984794	0.000895894743189609	24.5755533955728	0.000802072775120646	0.00110334346208014
27.8523271813826	0.000392094396876312	0.000691115517474511	27.8521043663301	6.93138331776059E-5	0.000981984642159434	27.8521043663301	0.000479691136637233	0.00103294839446491	27.8521043663301	0.0013990085642879	0.000589786086048201	27.8521043663301	0.000110117742276629	0.00104354983405214	27.8523271813826	0.00162954900046768	0.00102283752055722	27.8523271813826	-0.000254329426611504	0.00171202847756603	27.8523271813826	0.000589426411244967	0.00105597195278451	27.8521043663301	-0.00103654027524329	0.00119868410962299	27.8521043663301	-0.00246475766267915	0.000759121738122464	27.8523271813826	-0.00058090476574535	0.0031021291257371
31.1291009671923	0.000530049452555833	0.000764050611570554	31.128851938369	0.000274786105554607	0.00140645756376766	31.128851938369	-0.00127501777363791	0.000958762507145901	31.128851938369	0.00024140827288111	0.000987474213544319	31.128851938369	-0.000482940048339474	0.00132325173800401	31.1291009671923	0.00329396787078153	0.0013118295214469	31.1291009671923	0.000338580479915854	0.000746743660384441	31.1291009671923	0.00102977858446133	0.00134242472308428	31.128851938369	-5.6908635896609E-5	0.000804308639537394	31.128851938369	-0.000934457677161762	0.00108744876803662	31.1291009671923	-0.00123220860816678	0.00104681320935503
36.0442616459068	0.000589222998012299	0.000753881459006839	36.0439732964273	2.00417196577586E-5	0.000751307738642704	36.0439732964273	0.000654469353126709	0.000825240771157558	36.0439732964273	-0.000795377003947749	0.000682196201048342	36.0439732964273	0.000923943508309985	0.00104168388850071	36.0442616459068	0.000526087932156561	0.000835166128571459	36.0442616459068	0.00258027503186705	0.00131934463942108	36.0442616459068	0.0014382175702884	0.000608529493069852	36.0439732964273	0.000496926692727233	0.000830930811833404	36.0439732964273	-2.08682609197536E-5	0.000691036210940086	36.0442616459068	-0.00175555459912069	0.000947688371698011
42.5978092175263	0.000224156801839956	0.000422744336158963	42.597468440505	0.000131055290524366	0.000697929417851446	42.597468440505	0.00121829407652482	0.00069850700326057	42.597468440505	0.000329979693931963	0.000256574155016812	42.597468440505	0.00197008871444654	0.000739996636048744	42.5978092175263	0.00137549019180644	0.000706492430820593	42.5978092175263	0.00188205212029631	0.000678502496248976	42.5978092175263	0.00146226185967804	0.0013749477519023	42.597468440505	0.0016854928806341	0.000753712954131805	42.597468440505	0.00115655577776799	0.00115495068258027	42.5978092175263	0.0003524451041031	0.00095774975105364
49.1513567891457	0.000782216225881248	0.00121707173478781	49.1509635845826	-0.000455621749387605	0.000957776591490201	49.1509635845826	-0.000990319378218714	0.000763713311191023	49.1509635845826	-0.000701533971410014	0.00103994004555779	49.1509635845826	0.00163680490587532	0.000817055157023656	49.1513567891457	-0.00111464339367981	0.00057603362495349	49.1513567891457	-0.000222287166088897	0.000832841851402852	49.1513567891457	-0.000119096566270028	0.0010969080192514	49.1509635845826	0.000160838756581283	0.000823639223491816	49.1509635845826	0.000680120584602524	0.00109319812488529	49.1513567891457	0.00178538840922505	0.00106694837473018
55.7049043607651	0.000171206435996578	0.000634179305895927	55.7044587286603	0.000956795288551126	0.000449833896352795	55.7044587286603	0.00121822207418817	0.000741059392066914	55.7044587286603	6.62808002261557E-5	0.000731509518216281	55.7044587286603	5.15827533682543E-5	0.000854147085157647	55.7049043607651	-8.60883181813418E-5	0.000603228260410515	55.7049043607651	0.000408543505481919	0.000182553745442968	55.7049043607651	-0.000393638120018754	0.001527079007113	55.7044587286603	0.00265530984088381	0.000535656189572576	55.7044587286603	0.000183532440710649	0.00122891959771265	55.7049043607651	0.000167915660230584	0.000740719338313909
62.2584519323845	0.000922065632196765	0.000547627686955733	62.257953872738	-0.0012957737737956	0.000793627533472473	62.257953872738	-0.000323323397738884	0.000793314368803287	62.257953872738	-0.000191166640421674	0.000282784395803737	62.257953872738	0.000927813473417287	0.000632590385090297	62.2584519323845	0.000458013592776002	0.00077751439350797	62.2584519323845	0.000381726464163138	0.000733969863501424	62.2584519323845	0.0012902369968079	0.00162427208915402	62.257953872738	-0.000221679868650475	0.000414813974576564	62.257953872738	0.00231584689872769	0.000823481822025769	62.2584519323845	0.00160398819443589	0.00107980380035123
72.0887732898137	0.000680865545718554	0.000460978742164767	72.0881965888546	0.000119669424934037	0.000350239543121608	72.0881965888546	0.0004857761344287	0.000388045884634246	72.0881965888546	-0.000612217712597003	0.000468886953510167	72.0881965888546	-0.00264958980620622	0.000518591568523708	72.0887732898137	-9.65159515239077E-5	0.000530407183422471	72.0887732898137	-0.0011799160735044	0.000661192291913884	72.0887732898137	0.00136794798380453	0.000815005396384064	72.0881965888546	-0.00150979052571039	0.00077871116665223	72.0881965888546	0.000924349651260179	0.000512347288012035	72.0887732898137	0.00203848181149119	0.00104461576831657
85.1958684330525	-0.00078676031365827	0.000813946847587403	85.19518687701	-0.000184980226300231	0.000677903086793945	85.19518687701	0.000869902369350902	0.000256156880730651	85.19518687701	0.000261804481438452	0.000952113836370015	85.19518687701	0.000285061786895282	0.000641611706655566	85.1958684330525	0.000270154938233391	0.000252131101516551	85.1958684330525	0.000168725177166905	0.000660552057621475	85.1958684330525	0.000904446708286379	0.001200412018992	85.19518687701	-6.12840759678727E-5	0.000793230051004812	85.19518687701	-0.00044871733276313	0.000443728971464078	85.1958684330525	-8.91949162559827E-5	0.00123230699438928
98.3029635762914	0.000115224324899579	0.000657267448480313	98.3021771651654	0.000214780699229283	0.000638136539852865	98.3021771651654	0.000597965431497721	0.000517239595727127	98.3021771651654	6.24390005991103E-5	0.000389356026246239	98.3021771651654	-0.00040819646005927	0.000734526785253139	98.3029635762914	-0.000158288472094895	0.000581275050369115	98.3029635762914	0.00100243037331344	0.000664345354777019	98.3029635762914	0.000518040211062371	0.00112627258303487	98.3021771651654	0.000239591875733682	0.000618161415975736	98.3021771651654	-0.000608191654056287	0.000695369771613105	98.3029635762914	0.000535692404465652	0.00075195459586976
111.41005871953	0.000363262729076037	0.000938588323079174	111.409167453321	0.000507208221993239	0.000799878036379457	111.409167453321	-0.00014427837476491	0.000303772942144145	111.409167453321	0.000217320894657152	0.000653310446052298	111.409167453321	0.000269374525919871	0.000849416453809643	111.41005871953	-0.000159128795095292	0.000480286512582921	111.41005871953	0.000587454019583278	0.000563198708837862	111.41005871953	0.000597475337690921	0.000985343596787127	111.409167453321	-0.00101803996910629	0.000775794165231515	111.409167453321	0.000619462534974139	0.000532809751255847	111.41005871953	0.000492192557035453	0.000578485100547008
124.517153862769	0.00106477979469265	0.000334902213953435	124.516157741476	0.00122217565309412	0.000513302643197165	124.516157741476	0.000440151294830077	0.000563139883619834	124.516157741476	0.00029383720875607	0.00031648825952847	124.516157741476	-0.00131792006084744	0.000322451268890635	124.517153862769	-0.000110256401106193	0.000380917816251833	124.517153862769	0.000326237990622814	0.000626879590008921	124.517153862769	0.000918260444313935	0.000985994696797981	124.516157741476	-0.000923142924337648	0.000974313081153132	124.516157741476	-0.000243947182512149	0.000855522094726085	124.517153862769	-0.000899123334656515	0.000825098760719506
144.177796577627	-6.29232284165199E-5	0.000670279535698325	144.176643173709	-8.26632645001862E-5	0.000719617010606488	144.176643173709	-0.000130374376506568	0.000359914404900647	144.176643173709	0.000230016603328768	0.000459758588598166	144.176643173709	-0.00116587290625528	0.000706831223581644	144.177796577627	0.00045070375617987	0.000556046658561013	144.177796577627	-0.000220158631689336	0.000782714454025829	144.177796577627	0.000393535675824773	0.000500433205536917	144.176643173709	3.1848531534408E-5	0.000347681446862425	144.176643173709	0.000186628510567161	0.000707652076727204	144.177796577627	-0.000218513135913728	0.000350646846068813
170.391986864105	0.000200628195944304	0.000424728470864011	170.39062375002	-0.000334504605375191	0.000711333220906072	170.39062375002	0.000589006626118079	0.000941868588679296	170.39062375002	-0.000221579335378307	0.000463311297762672	170.39062375002	-0.000211551028296576	0.000742545413371394	170.391986864105	-0.000723004590954755	0.000362138184239767	170.391986864105	8.54912799138113E-5	0.000479474181087436	170.391986864105	0.000794707429014614	0.000713866382244572	170.39062375002	-0.000731023637058049	0.000542563489076362	170.39062375002	-2.40265553806053E-5	0.000679956279118462	170.391986864105	-0.000660376575688345	0.000678855261347148
196.606177150583	-0.000248512013467978	0.000583138494748974	196.604604326331	0.000473011810680277	0.000399139460221603	196.604604326331	0.000317423940422419	0.000729122008811282	196.604604326331	0.000189220366480708	0.000700638210132489	196.604604326331	-0.000141493414471945	0.000621104027239613	196.606177150583	-0.000632264969782032	0.000548010756952598	196.606177150583	0.000580643455346179	0.0003649500830378	196.606177150583	0.000990878777440158	0.00105606397529871	196.604604326331	0.000934043948750593	0.000463307586823637	196.604604326331	-0.000156005645348077	0.000567708485887205	196.606177150583	-0.0012375606446434	0.000777953704714881
222.820367437061	0.000378474955898822	0.000710033120493373	222.818584902642	-0.000265515276600138	0.000439784113761187	222.818584902642	-1.66275055810269E-5	0.000781183003951313	222.818584902642	-0.000838428825012531	0.000763861010702102	222.818584902642	-0.000576079314982133	0.00115275108116991	222.820367437061	-0.000289201704522974	0.000951002863351801	222.820367437061	0.000279035394955955	0.000293004055067099	222.820367437061	0.00108888553826753	0.000645174803971539	222.818584902642	-0.000146429608692027	0.000306082564163989	222.818584902642	-0.000243792507517034	0.000734642782485004	222.820367437061	0.00040648235799137	0.000700044713128018
249.034557723538	-0.00052827923211376	0.000546034718147202	249.032565478952	-0.000336391962570571	0.00047707682997676	249.032565478952	-0.000419699828210746	0.000790707543499883	249.032565478952	-6.70989449333347E-5	0.000388775940630378	249.032565478952	0.000369236188478507	0.000596305812761651	249.034557723538	0.00117719571974011	0.000368714649827506	249.034557723538	8.90304116619241E-5	0.000937389995133319	249.034557723538	0.000567331821733749	0.000580667926241943	249.032565478952	0.00160668079472204	0.000731992349138255	249.032565478952	0.000188335104357079	0.000593084019856919	249.034557723538	0.000844200128226619	0.000460857307105626
288.355843153255	-0.000205831139723888	0.000553953292593011	288.353536343418	0.000446130235554737	0.00069979514531136	288.353536343418	-0.000421622037363957	0.000744353261753599	288.353536343418	-0.000681329018398483	0.000396947390441112	288.353536343418	-0.000925004834386643	0.00074624088160767	288.355843153255	-0.000215313074996332	0.000828238498598589	288.355843153255	-0.000148137307124861	0.000398904104138765	288.355843153255	-0.000208204998005104	0.000582194635861042	288.353536343418	0.000358729193013875	0.000694432742294204	288.353536343418	-0.000808359744711203	0.000764039773004616	288.355843153255	-0.000406533760555976	0.000232766961588816
340.78422372621	0.00056007295849882	0.000541101012303548	340.78149749604	0.00041336767501217	0.00053947801106967	340.78149749604	4.02228458130071E-5	0.00060980064568995	340.78149749604	-0.00112789799826761	0.000371990645680084	340.78149749604	-0.00142520285803829	0.00107206567025188	340.78422372621	-0.000191481449860548	0.00090781004335783	340.78422372621	0.00122949608358935	0.000917594439144754	340.78422372621	-0.000304971220012407	0.000518997075327976	340.78149749604	0.000829359496654273	0.00040198680730118	340.78149749604	0.000596419057659926	0.00079954516437841	340.78422372621	-0.000312086321597771	0.00037098211615206
393.212604299166	0.000267492562356113	0.000794968441131861	393.209458648662	0.00092360408134381	0.000661236907226334	393.209458648662	-7.1234512387843E-6	0.000660724089715392	393.209458648662	-0.00102751986280305	0.000674386551102333	393.209458648662	-0.00131334818261291	0.000940826297556328	393.212604299166	0.000979859919936954	0.000559941012555874	393.212604299166	0.00019751093206565	0.000494332646453349	393.212604299166	0.000955600052433734	0.000693139845147864	393.209458648662	0.000554733089639206	0.000481604396408671	393.209458648662	0.000622359296042157	0.000734918058176611	393.212604299166	2.71462342703776E-5	0.000565511439520753
445.640984872121	1.30587688367331E-5	0.000713642626473702	445.637419801283	9.73515160451789E-5	0.000681347624660465	445.637419801283	0.000254043305607807	0.000705983018255454	445.637419801283	-0.00142775765506704	0.000452632218674677	445.637419801283	-0.000774126159860823	0.000905366829083018	445.640984872121	0.000228787140333159	0.000696578684394894	445.640984872121	0.000366386262224555	0.000545037733434687	445.640984872121	0.000167508406201367	0.000688056367201222	445.637419801283	0.000394204403141798	0.000591592750285149	445.637419801283	0.00101139664203629	0.000873491571096473	445.640984872121	-0.000721534115682346	0.000617238859312181
498.069365445076	-8.1643849877071E-5	0.0007264421455725	498.065380953905	0.000114522664739654	0.000646594263030139	498.065380953905	0.000131295998105015	0.00073389422247428	498.065380953905	-0.00081531902371632	0.000476278607919854	498.065380953905	-0.000634560820144636	0.000610023689986925	498.069365445076	-0.000234967579846001	0.000712643312397694	498.069365445076	4.32887838327083E-5	0.000329657119088999	498.069365445076	0.000389620331501591	0.000901421504447001	498.065380953905	0.000326103447808278	0.000822637754780728	498.065380953905	0.000152496267694888	0.000680124437112982	498.069365445076	-0.00103715524294282	0.000522688125002196
576.71193630451	0.000312663749612963	0.000855274951348064	576.707322682837	0.000103784661132302	0.000913128894842486	576.707322682837	0.000226425298057986	0.00088448179860793	576.707322682837	-0.000884917497696408	0.000373829329211673	576.707322682837	-0.000332330218272252	0.000701821656152923	576.71193630451	3.03638001945977E-6	0.000498453497218966	576.71193630451	5.38088787352824E-5	0.000347789969137002	576.71193630451	0.0013565132251703	0.00104191330286804	576.707322682837	0.000614598572942651	0.00107681920404575	576.707322682837	0.00154832689986718	0.000584670113855026	576.71193630451	-0.000833255255291639	0.000392604586519639
681.56869745042	-0.000341217944271794	0.000840054957421768	681.56324498808	0.00034759225570283	0.000856314197151287	681.56324498808	-0.000162878187284539	0.00106117256585556	681.56324498808	-0.000856384418716103	0.000718212580876393	681.56324498808	-0.000971768088223425	0.000926852144927724	681.56869745042	0.000586573708086444	0.000794013271655406	681.56869745042	0.000372180760926289	0.000652169267027811	681.56869745042	0.000744945030221151	0.00115248290656056	681.56324498808	0.000282649040604918	0.000776023733550316	681.56324498808	0.00108348612860131	0.000808505819946244	681.56869745042	-0.00113372940125339	0.000655277565092058
786.425458596331	-0.000684772891531599	0.000642110067212447	786.419167293323	0.000539408445734655	0.000809605351266058	786.419167293323	-6.50006926888406E-5	0.00120660714860375	786.419167293323	-0.00121058091478213	0.000557163959122434	786.419167293323	-0.00121096639869798	0.000838025577056415	786.425458596331	0.00076964140017542	0.000906633145425819	786.425458596331	0.000513413088960134	0.000655446481412103	786.425458596331	0.000547051159459	0.00104029122310144	786.419167293323	0.000593476814540805	0.000893302047894857	786.419167293323	0.000736850417126324	0.00102319216352865	786.425458596331	-0.0013875917525338	0.000930386887691476
891.282219742242	-0.000325474269550038	0.00106070336812629	891.275089598566	0.00075284133953132	0.000795191592885044	891.275089598566	0.000453817933212686	0.00107703570471525	891.275089598566	-0.0019070805291866	0.000649401823551187	891.275089598566	-0.00095419914177706	0.000895810806427927	891.282219742242	-0.000743424635610057	0.000957912645211885	891.282219742242	0.00135608795888104	0.000513513450698772	891.282219742242	0.000198772317878257	0.00122426935758848	891.275089598566	-0.000151167970665268	0.00106722245488164	891.275089598566	0.000264067730858519	0.000940018797250936	891.282219742242	-0.000874802607047351	0.000581881661510138
996.138980888153	-0.000288923758002285	0.00122093129432133	996.13101190381	0.000527594194393605	0.0010282158792767	996.13101190381	0.000608160182708312	0.00126494366836554	996.13101190381	-0.00151541596300814	0.000686695029540409	996.13101190381	-0.000957578006596003	0.00102409858780052	996.138980888153	0.000107787143943233	0.00070887900591784	996.138980888153	0.00141430168517813	0.000702373700052045	996.138980888153	0.000491538533763617	0.00134299333327465	996.13101190381	-0.000277679639420808	0.00119768262953401	996.13101190381	0.000708784699582762	0.000982156505481496	996.138980888153	-0.00212577422810533	0.00102369683348068
